-2476977.266000 4829593.030100 3338460.404800 -1.895007 
-2476977.266400 4829593.030600 3338460.405000 -1.895238 
-2476977.266400 4829593.030600 3338460.405000 -1.895256 
-2476977.291000 4829592.955800 3338460.501000 -1.894392 
-2476977.330400 4829592.922600 3338460.580900 -1.891806 
-2476977.321900 4829592.485300 3338461.118900 -1.876136 
-2476977.376700 4829592.223400 3338461.488500 -1.863937 
-2476977.422600 4829591.879900 3338461.915200 -1.850640 
-2476977.449500 4829591.578800 3338462.329100 -1.875574 
-2476977.641300 4829591.229900 3338462.677100 -1.967321 
-2476977.857800 4829590.894600 3338463.031000 -2.047079 
-2476977.977200 4829590.610500 3338463.358600 -2.057284 
-2476978.076300 4829590.321300 3338463.725900 -2.055265 
-2476978.219000 4829590.022500 3338464.051200 -2.070357 
-2476978.395700 4829589.700800 3338464.379100 -2.099911 
-2476978.519100 4829589.398600 3338464.718000 -2.081905 
-2476978.571300 4829589.134800 3338465.048800 -2.027548 
-2476978.665600 4829588.854300 3338465.394000 -2.006191 
-2476978.693000 4829588.631300 3338465.687700 -1.951078 
-2476978.637700 4829588.462600 3338465.964400 -1.839883 
-2476978.581800 4829588.340100 3338466.209200 -1.744276 
-2476978.558300 4829588.163000 3338466.475500 -1.696105 
-2476978.528400 4829588.004600 3338466.731900 -1.683075 
-2476978.525200 4829587.816000 3338466.999600 -1.665780 
-2476978.513100 4829587.575300 3338467.354500 -1.654622 
-2476978.499400 4829587.346700 3338467.675300 -1.636468 
-2476978.468200 4829587.140200 3338467.986000 -1.623552 
-2476978.448400 4829586.906300 3338468.339600 -1.610025 
-2476978.417500 4829586.670200 3338468.700500 -1.594581 
-2476978.409400 4829586.417800 3338469.116500 -1.584440 
-2476978.356700 4829586.145000 3338469.522700 -1.571213 
-2476978.338300 4829585.887900 3338469.913100 -1.547697 
-2476978.340500 4829585.662400 3338470.217200 -1.585515 
-2476978.331800 4829585.389600 3338470.587100 -1.608980 
-2476978.315300 4829585.152600 3338470.941600 -1.600196 
-2476978.290500 4829584.922300 3338471.280700 -1.573892 
-2476978.157300 4829584.692100 3338471.700500 -1.432225 
-2476977.906700 4829584.528900 3338472.118400 -1.132370 
-2476977.626400 4829584.448500 3338472.398800 -0.835089 
-2476977.392000 4829584.382900 3338472.679300 -0.664245 
-2476977.165100 4829584.272800 3338473.002100 -0.589421 
-2476976.942200 4829584.172100 3338473.337900 -0.573401 
-2476976.835800 4829584.019700 3338473.653400 -0.649581 
-2476976.790500 4829583.819000 3338473.976000 -0.843924 
-2476976.840900 4829583.550900 3338474.323500 -1.181889 
-2476976.993600 4829583.165700 3338474.746200 -1.581471 
-2476977.100100 4829582.860100 3338475.110200 -1.733828 
-2476977.161600 4829582.632800 3338475.384200 -1.798475 
-2476977.264300 4829582.464200 3338475.556700 -1.888510 
-2476977.460800 4829582.226900 3338475.741900 -2.031838 
-2476977.868000 4829581.904800 3338475.909700 -2.252634 
-2476978.218200 4829581.659600 3338475.994800 -2.374269 
-2476978.487000 4829581.509300 3338476.013400 -2.462655 
-2476978.814700 4829581.384600 3338475.941800 -2.560947 
-2476979.110200 4829581.307100 3338475.843300 -2.650301 
-2476979.379300 4829581.259700 3338475.708200 -2.721668 
-2476979.652100 4829581.233200 3338475.540100 -2.799012 
-2476979.825700 4829581.224400 3338475.430700 -2.857976 
-2476979.876200 4829581.243100 3338475.369300 -2.881214 
-2476979.892000 4829581.222700 3338475.382600 -2.890336 
-2476979.891900 4829581.222700 3338475.382700 -2.890062 
