-0.005212 -1.364719 0.004936 -1.595009 
-0.005212 -1.364549 0.005041 -1.595035 
-0.005212 -1.364634 0.004989 -1.595031 
0.009029 -1.533864 0.016489 -1.595723 
-0.013612 -1.999995 0.013910 -1.595498 
-0.019712 -2.424882 0.014634 -1.596087 
-0.020145 -2.839979 0.014938 -1.595152 
-0.028187 -3.250451 0.026193 -1.595964 
-0.029148 -3.674407 0.031681 -1.594766 
-0.046875 -4.114634 0.030393 -1.595455 
-0.034418 -4.522373 0.053565 -1.595194 
-0.037639 -4.988822 0.057576 -1.595185 
-0.046883 -5.492694 0.048509 -1.595087 
-0.056421 -6.114872 0.055898 -1.594436 
-0.079072 -6.838990 0.061684 -1.594134 
-0.043330 -7.510796 0.101516 -1.593948 
-0.047206 -8.199139 0.126458 -1.593167 
-0.047090 -8.897164 0.136838 -1.593100 
-0.052875 -9.593062 0.144545 -1.592799 
-0.051000 -10.274538 0.156315 -1.591797 
-0.039619 -10.973845 0.174081 -1.591021 
-0.037122 -11.684562 0.190894 -1.589367 
-0.036147 -12.396123 0.188376 -1.587870 
-0.033587 -13.070868 0.214535 -1.585357 
-0.032196 -13.764464 0.221944 -1.585534 
-0.040365 -14.466660 0.234498 -1.585626 
-0.026221 -15.153319 0.253305 -1.584003 
-0.023928 -15.857234 0.261229 -1.583036 
-0.006210 -16.542593 0.258381 -1.579438 
0.004260 -17.235003 0.258938 -1.576271 
0.025776 -17.928052 0.270591 -1.572789 
0.038595 -18.626675 0.276809 -1.571196 
0.028816 -19.342788 0.269296 -1.570229 
0.071142 -20.027880 0.300003 -1.566096 
0.096256 -20.714325 0.302706 -1.564438 
0.119556 -21.416765 0.301414 -1.563084 
0.135422 -22.110267 0.302594 -1.561242 
0.163094 -22.820268 0.286166 -1.561269 
0.169798 -23.504345 0.304032 -1.559505 
0.135963 -24.201952 0.292283 -1.600496 
0.111633 -24.884965 0.298938 -1.613947 
0.062119 -25.589703 0.303825 -1.639892 
0.012135 -26.279446 0.312418 -1.644856 
-0.026992 -26.977483 0.312944 -1.650329 
-0.088347 -27.669155 0.309844 -1.659181 
-0.116148 -28.371815 0.310426 -1.641457 
-0.112396 -29.077613 0.318732 -1.606398 
-0.110625 -29.764120 0.320964 -1.595752 
-0.112310 -30.461244 0.310143 -1.593486 
-0.123511 -31.159838 0.320301 -1.591575 
-0.135899 -31.850618 0.329810 -1.590321 
-0.136438 -32.542400 0.335050 -1.589233 
-0.141921 -33.236951 0.355962 -1.588041 
-0.147318 -33.937621 0.361877 -1.586267 
-0.142456 -34.628827 0.364668 -1.585186 
-0.135265 -35.333961 0.377598 -1.584200 
-0.141454 -36.018582 0.384762 -1.582851 
-0.141987 -36.715183 0.394172 -1.581621 
-0.139332 -37.404377 0.418588 -1.580523 
-0.152796 -38.105911 0.417733 -1.587238 
-0.168584 -38.797478 0.426804 -1.589810 
-0.166497 -39.496003 0.429067 -1.590836 
-0.164857 -40.186070 0.428880 -1.591590 
-0.169773 -40.885467 0.436539 -1.591326 
-0.165473 -41.572971 0.455189 -1.592408 
-0.168438 -42.279243 0.463881 -1.592034 
-0.181390 -42.981727 0.460762 -1.590334 
-0.194890 -43.682548 0.486288 -1.589993 
-0.162833 -44.375733 0.487716 -1.570077 
-0.184694 -45.065702 0.485472 -1.591358 
-0.193131 -45.751968 0.492633 -1.593468 
-0.201006 -46.456492 0.501540 -1.594452 
-0.193093 -47.136358 0.483941 -1.594729 
-0.231274 -47.849223 0.508969 -1.594590 
-0.212908 -48.533986 0.512183 -1.586318 
-0.205023 -49.235606 0.536719 -1.580282 
-0.203888 -49.934706 0.558708 -1.578280 
-0.193436 -50.618415 0.531931 -1.577812 
-0.192968 -51.300315 0.526158 -1.575281 
-0.178982 -51.991404 0.563316 -1.573129 
-0.156976 -52.695513 0.572124 -1.572530 
-0.181802 -53.395602 0.591341 -1.594064 
-0.209609 -54.090782 0.578143 -1.605095 
-0.225461 -54.789674 0.595618 -1.607518 
-0.225227 -55.480523 0.604289 -1.596468 
-0.181757 -56.174994 0.615577 -1.569695 
-0.172711 -56.873680 0.611644 -1.570013 
-0.177511 -57.575585 0.626958 -1.575617 
-0.168003 -58.258319 0.635442 -1.576700 
-0.188732 -58.966486 0.635989 -1.592559 
-0.214682 -59.656773 0.639006 -1.608320 
-0.227683 -60.350280 0.649499 -1.612512 
-0.239560 -61.040970 0.653547 -1.615754 
-0.293086 -61.738408 0.661839 -1.647138 
-0.430913 -62.428209 0.678122 -1.715130 
-0.548254 -63.111734 0.682947 -1.736897 
-0.696492 -63.796899 0.682254 -1.783627 
-0.938320 -64.463530 0.675949 -1.852334 
-1.219314 -65.109370 0.681467 -1.945672 
-1.557362 -65.727281 0.672476 -1.997862 
-1.903405 -66.313386 0.663225 -2.050138 
-2.272183 -66.945061 0.680248 -2.091933 
-2.648394 -67.541474 0.681746 -2.126154 
-3.075961 -68.087894 0.680973 -2.193778 
-3.549921 -68.619645 0.690321 -2.266606 
-4.041245 -69.100849 0.686247 -2.304672 
-4.519263 -69.598466 0.689108 -2.330339 
-5.045631 -70.063026 0.682095 -2.395162 
-5.612556 -70.450489 0.672732 -2.466989 
-6.207129 -70.835400 0.680706 -2.530926 
-6.791073 -71.185874 0.677147 -2.565385 
-7.415751 -71.496374 0.682170 -2.650719 
-8.109084 -71.665673 0.687326 -2.777287 
-8.811623 -71.792713 0.676109 -2.880140 
-9.487866 -71.871304 0.679920 -2.955137 
-10.175273 -71.958255 0.680896 -3.004821 
-10.877681 -71.918572 0.674377 -3.108299 
-11.581282 -71.919063 0.679726 -3.138324 
-12.292726 -71.838182 0.653233 3.084909 
-12.955391 -71.812770 0.658355 3.078583 
-13.645166 -71.794269 0.652229 3.076567 
-14.359073 -71.764001 0.621223 3.075754 
-15.066379 -71.750612 0.649738 3.077880 
-15.766073 -71.710877 0.617884 3.081705 
-16.464680 -71.690177 0.622448 3.082809 
-17.171509 -71.681689 0.630203 3.100444 
-17.865210 -71.721909 0.609678 3.130287 
-18.571065 -71.745721 0.628743 -3.141207 
-19.303943 -71.755472 0.649608 -3.141383 
-19.972492 -71.762837 0.644218 3.128326 
-20.677878 -71.724445 0.589656 3.098632 
-21.340296 -71.728725 0.620108 3.100958 
-22.022632 -71.713043 0.610937 3.102059 
-22.694792 -71.720402 0.631168 3.126612 
-23.405358 -71.732678 0.631995 3.122040 
-24.093766 -71.740767 0.626254 3.120946 
-24.824613 -71.742243 0.624079 3.122215 
-25.538351 -71.728695 0.629174 3.118697 
-26.218116 -71.720353 0.606027 3.120247 
-26.904069 -71.715205 0.620313 3.120642 
-27.576757 -71.711323 0.627717 3.120353 
-28.298338 -71.706396 0.625081 3.120491 
-28.995997 -71.706378 0.608534 3.122235 
-29.735012 -71.712905 0.597992 3.122940 
-30.440313 -71.699212 0.589372 3.123747 
-31.107942 -71.707537 0.592557 3.122649 
-31.858240 -71.680337 0.550744 3.123925 
-32.567882 -71.653192 0.527817 3.124838 
-33.198439 -71.675735 0.560784 3.126012 
-33.858414 -71.671037 0.556430 3.126339 
-34.564909 -71.672292 0.556366 3.128308 
-35.270585 -71.689037 0.568394 3.128815 
-35.964076 -71.672607 0.561241 3.129180 
-36.666796 -71.690550 0.568367 3.129040 
-37.410782 -71.677753 0.543725 3.130019 
-38.106161 -71.674958 0.540353 3.129260 
-38.786573 -71.689312 0.543014 3.128824 
-39.449160 -71.692700 0.576963 3.115276 
-40.165570 -71.648082 0.535708 3.111510 
-40.842286 -71.644883 0.542886 3.112953 
-41.546011 -71.632508 0.547786 3.113832 
-42.254960 -71.621053 0.539930 3.114006 
-42.953143 -71.608720 0.529898 3.114881 
-43.631372 -71.616571 0.560038 3.124755 
-44.310547 -71.616841 0.542245 3.130044 
-45.026705 -71.619654 0.545267 3.130389 
-45.716593 -71.632824 0.540511 3.137897 
-46.415260 -71.650802 0.560414 -3.140898 
-47.124474 -71.658785 0.555452 -3.141163 
-47.836071 -71.677258 0.541217 -3.140692 
-48.541656 -71.660250 0.528385 3.113566 
-49.224351 -71.649152 0.550725 3.102395 
-49.944904 -71.620219 0.513522 3.102065 
-50.613846 -71.591179 0.514687 3.102514 
-51.311057 -71.595224 0.514570 3.114828 
-51.986110 -71.636600 0.580972 3.121148 
-52.674719 -71.607876 0.527586 3.121883 
-53.427959 -71.622744 0.523482 3.122883 
-54.142028 -71.614998 0.507563 3.123747 
-54.802604 -71.613237 0.503011 3.124593 
-55.491897 -71.614146 0.497074 3.126046 
-56.212829 -71.614496 0.458716 3.126751 
-56.917478 -71.592061 0.430479 3.117988 
-57.581782 -71.596977 0.457402 3.114539 
-58.251836 -71.610149 0.462332 3.110993 
-58.981487 -71.596409 0.455345 3.108415 
-59.666855 -71.589339 0.470516 3.107707 
-60.376323 -71.593510 0.459020 3.107395 
-61.066974 -71.576677 0.450269 3.107999 
-61.777715 -71.549175 0.452589 3.106459 
-62.505603 -71.538215 0.430912 3.106602 
-63.195779 -71.545657 0.427543 3.108109 
-63.865889 -71.551473 0.434083 3.107355 
-64.545835 -71.544259 0.440856 3.107064 
-65.228100 -71.542738 0.447325 3.105631 
-65.929243 -71.528326 0.424065 3.104876 
-66.651613 -71.514609 0.414077 3.104496 
-67.334873 -71.511129 0.418902 3.105078 
-68.038824 -71.508692 0.410223 3.105459 
-68.721619 -71.506785 0.408663 3.105229 
-69.410194 -71.499642 0.403780 3.105123 
-70.101358 -71.492844 0.394327 3.104791 
-70.842899 -71.501565 0.380491 3.114792 
-71.526603 -71.505849 0.399177 3.120241 
-72.213023 -71.505439 0.396998 3.120362 
-72.912307 -71.520777 0.383590 3.121615 
-73.597834 -71.505878 0.398085 3.123076 
-74.269931 -71.527484 0.392705 3.114012 
-74.936102 -71.509407 0.394857 3.112069 
-75.670637 -71.515991 0.391245 3.111173 
-76.388346 -71.529889 0.393740 3.111553 
-77.089661 -71.526747 0.401009 3.112446 
-77.797531 -71.524147 0.398522 3.112936 
-78.479836 -71.520078 0.387208 3.114439 
-79.193578 -71.539158 0.402814 3.116228 
-79.925020 -71.519129 0.373335 3.115089 
-80.591417 -71.528348 0.400556 3.112287 
-81.270139 -71.530785 0.384743 3.109654 
-81.978901 -71.526250 0.394701 3.108864 
-82.709857 -71.521856 0.390267 3.107853 
-83.401451 -71.517591 0.396864 3.106518 
-84.090399 -71.509790 0.378388 3.106786 
-84.789717 -71.438725 0.364319 3.047517 
-85.461896 -71.235060 0.349454 2.925973 
-86.104875 -71.019487 0.331130 2.858399 
-86.758936 -70.743763 0.352997 2.782079 
-87.361638 -70.372943 0.367956 2.668378 
-87.955607 -69.973096 0.365685 2.594318 
-88.508482 -69.571601 0.380310 2.542006 
-89.048695 -69.170214 0.375553 2.508078 
-89.589578 -68.707370 0.370717 2.440599 
-90.110277 -68.241743 0.366514 2.408126 
-90.545744 -67.716675 0.377637 2.316887 
-90.950253 -67.192306 0.414191 2.255195 
-91.419444 -66.640550 0.407681 2.228053 
-91.754481 -66.021289 0.418291 2.112406 
-91.970000 -65.324111 0.415353 1.949726 
-92.077968 -64.632201 0.402692 1.823820 
-92.047437 -63.904719 0.405905 1.654995 
-91.886675 -63.203377 0.393779 1.498964 
-91.803985 -62.640801 0.408160 1.457697 
-91.811338 -62.052603 0.408906 1.505434 
-91.870579 -61.426259 0.407135 1.557451 
-91.858207 -60.877907 0.405929 1.537013 
-91.856829 -60.254998 0.434954 1.536011 
-91.885408 -59.556938 0.422239 1.537416 
-91.888971 -58.840405 0.408380 1.538253 
-91.886064 -58.179249 0.452760 1.541364 
-91.891789 -57.459279 0.434682 1.536245 
-91.895404 -56.758330 0.434581 1.534898 
-91.912183 -56.049717 0.444328 1.533319 
-91.921513 -55.355535 0.461986 1.523304 
-91.904545 -54.685735 0.468491 1.521058 
-91.891221 -53.986487 0.449302 1.520260 
-91.899608 -53.278717 0.452244 1.519979 
-91.882841 -52.923338 0.471239 1.520102 
-91.887631 -52.929446 0.464010 1.519511 
-91.887680 -52.929781 0.464170 1.519909 
-91.887634 -52.929564 0.464200 1.519866 
