-1.029058 2.684488 0.000280 1.121742 
-1.029058 2.684488 0.000280 1.121731 
-0.991973 2.696522 0.001550 1.115924 
-0.869779 3.079949 -0.003370 1.124283 
-0.753215 3.448450 -0.012866 1.131485 
-0.589346 3.854795 0.002378 1.136030 
-0.412267 4.330468 -0.013041 1.148575 
-0.243920 4.850441 -0.015284 1.143995 
0.053003 5.273741 -0.010136 1.086087 
0.412010 5.683554 -0.003912 1.000459 
0.634906 6.048691 0.007410 0.984999 
0.871422 6.471806 0.010768 0.991902 
1.148655 6.891797 0.010052 0.980871 
1.445610 7.262261 0.009732 0.947286 
1.684557 7.642911 0.015756 0.954925 
1.868077 8.046011 0.006608 1.005136 
2.057884 8.453903 -0.007808 1.022664 
2.224000 8.818839 0.011437 1.056631 
2.274134 9.129252 0.003624 1.131588 
2.275391 9.428825 0.014075 1.214661 
2.302918 9.727192 0.011471 1.258827 
2.373255 10.048297 0.016782 1.266825 
2.460122 10.348753 0.016502 1.272404 
2.552312 10.750619 0.017325 1.283610 
2.648257 11.136434 0.008359 1.290243 
2.703215 11.508044 0.003149 1.298986 
2.809213 11.925763 -0.000354 1.305624 
2.884236 12.330555 0.001442 1.317017 
2.992348 12.801381 0.024432 1.323696 
3.069780 13.277733 0.014756 1.331917 
3.163545 13.746035 0.019598 1.337342 
3.247692 14.133504 0.010620 1.323673 
3.383067 14.563776 -0.004798 1.306391 
3.482076 14.978249 -0.003820 1.307644 
3.556228 15.367049 -0.014567 1.316730 
3.586650 15.868739 -0.013117 1.374320 
3.467255 16.345917 -0.017290 1.505775 
3.255077 16.743489 -0.031947 1.670945 
3.084684 17.052497 -0.031032 1.769256 
2.905718 17.419707 -0.026478 1.825818 
2.752977 17.813902 -0.022574 1.837789 
2.687440 18.183454 -0.007365 1.805022 
2.732952 18.549217 -0.004842 1.722952 
2.858907 18.944983 -0.007653 1.578626 
3.159130 19.454091 -0.020084 1.368640 
3.415434 19.888042 -0.017510 1.250565 
3.610064 20.263103 -0.015376 1.198570 
3.743644 20.476663 -0.015507 1.147274 
3.982711 20.693051 -0.022295 1.045942 
4.444768 20.895619 -0.021960 0.833957 
4.908056 21.030066 -0.025391 0.643885 
5.222956 21.058580 -0.023192 0.511012 
5.579674 20.986705 -0.037044 0.332629 
5.883323 20.900716 -0.025821 0.172598 
6.158668 20.755007 -0.026615 0.023343 
6.423263 20.557970 -0.031705 -0.130895 
6.598670 20.403289 -0.024847 -0.246570 
6.687268 20.292511 -0.026778 -0.323191 
6.693263 20.322269 -0.029058 -0.326758 
6.693881 20.321610 -0.028564 -0.326881 
6.695702 20.319070 -0.028642 -0.326856 
