-2476977.266400 4829593.030600 3338460.405000 0.175606 0.477471 0.607007 -0.610513 
-2476977.266400 4829593.030600 3338460.405000 0.175605 0.477474 0.607010 -0.610508 
-2476977.297000 4829593.009000 3338460.415900 0.172599 0.480169 0.607198 -0.609063 
-2476977.311700 4829592.769900 3338460.739300 0.174821 0.477674 0.605652 -0.611924 
-2476977.323200 4829592.536900 3338461.047600 0.176584 0.475182 0.604444 -0.614547 
-2476977.377300 4829592.283300 3338461.401100 0.176483 0.474456 0.602918 -0.616633 
-2476977.414600 4829591.968000 3338461.797400 0.182956 0.469580 0.601900 -0.619467 
-2476977.438600 4829591.645900 3338462.238300 0.182413 0.471716 0.602558 -0.617359 
-2476977.603100 4829591.316000 3338462.600900 0.171139 0.475884 0.621245 -0.598581 
-2476977.826500 4829590.964900 3338462.952600 0.149044 0.482692 0.645891 -0.572380 
-2476977.941500 4829590.700700 3338463.269000 0.146919 0.483100 0.651072 -0.566688 
-2476978.051600 4829590.397100 3338463.630500 0.150909 0.485061 0.648392 -0.567036 
-2476978.197100 4829590.073300 3338463.987200 0.146465 0.487247 0.650337 -0.564092 
-2476978.372200 4829589.764000 3338464.302000 0.138328 0.489341 0.659864 -0.553163 
-2476978.495700 4829589.481200 3338464.628800 0.141270 0.486341 0.659331 -0.555696 
-2476978.558600 4829589.201700 3338464.966700 0.149182 0.485396 0.642691 -0.573658 
-2476978.623900 4829588.913100 3338465.305900 0.149439 0.484970 0.636171 -0.581170 
-2476978.691500 4829588.680900 3338465.626300 0.156051 0.482144 0.625942 -0.592775 
-2476978.658500 4829588.506700 3338465.886100 0.172811 0.477544 0.602188 -0.616001 
-2476978.591700 4829588.373700 3338466.146300 0.192578 0.474119 0.573943 -0.639308 
-2476978.543500 4829588.219400 3338466.398600 0.204219 0.470479 0.559649 -0.650951 
-2476978.531000 4829588.040900 3338466.674400 0.204387 0.469944 0.556448 -0.654021 
-2476978.536000 4829587.860300 3338466.929700 0.204693 0.468842 0.554649 -0.656241 
-2476978.521800 4829587.630600 3338467.271800 0.207431 0.466737 0.551511 -0.659519 
-2476978.511000 4829587.399300 3338467.595100 0.208686 0.465538 0.549520 -0.661628 
-2476978.468600 4829587.196200 3338467.908300 0.210455 0.464901 0.546411 -0.664087 
-2476978.461200 4829586.949500 3338468.261600 0.211717 0.464587 0.543929 -0.665940 
-2476978.431400 4829586.727000 3338468.606700 0.215928 0.464571 0.539907 -0.667869 
-2476978.423400 4829586.474500 3338469.019100 0.218286 0.466061 0.536703 -0.668646 
-2476978.374100 4829586.208700 3338469.419000 0.219998 0.464538 0.534240 -0.671113 
-2476978.346900 4829585.950200 3338469.819700 0.221828 0.461084 0.534099 -0.673002 
-2476978.325200 4829585.723500 3338470.144400 0.219547 0.458364 0.541132 -0.669983 
-2476978.336300 4829585.448500 3338470.502100 0.215892 0.454956 0.549709 -0.666503 
-2476978.325200 4829585.209900 3338470.855000 0.213401 0.456518 0.547697 -0.667892 
-2476978.293600 4829584.985800 3338471.179900 0.214441 0.455065 0.544639 -0.671044 
-2476978.200700 4829584.738000 3338471.607200 0.227941 0.448749 0.525217 -0.686159 
-2476977.978200 4829584.565800 3338472.010700 0.256345 0.436228 0.477163 -0.718546 
-2476977.688200 4829584.465300 3338472.341000 0.288555 0.419098 0.412735 -0.755476 
-2476977.462700 4829584.399000 3338472.604200 0.306095 0.406810 0.373199 -0.775586 
-2476977.217000 4829584.312100 3338472.918800 0.319379 0.398662 0.351340 -0.784618 
-2476976.987900 4829584.200100 3338473.256000 0.322888 0.401632 0.344442 -0.784726 
-2476976.846700 4829584.068400 3338473.578200 0.316703 0.409525 0.355947 -0.778004 
-2476976.800300 4829583.878200 3338473.890500 0.302692 0.421467 0.388693 -0.761355 
-2476976.816200 4829583.633200 3338474.225500 0.271551 0.439771 0.443690 -0.732121 
-2476976.956200 4829583.248300 3338474.651800 0.226576 0.463936 0.519457 -0.680875 
-2476977.081000 4829582.930000 3338475.022100 0.200868 0.471474 0.561876 -0.649353 
-2476977.164900 4829582.667100 3338475.342100 0.188643 0.476863 0.578372 -0.634430 
-2476977.232400 4829582.506000 3338475.523600 0.178025 0.480345 0.595489 -0.618844 
-2476977.390500 4829582.290400 3338475.704000 0.155804 0.483754 0.629266 -0.587989 
-2476977.753100 4829581.984900 3338475.876400 0.106726 0.495963 0.689384 -0.517088 
-2476978.131700 4829581.707900 3338475.988900 0.062841 0.499518 0.738437 -0.448602 
-2476978.405900 4829581.552500 3338476.014300 0.032340 0.498474 0.769363 -0.398193 
-2476978.735200 4829581.412900 3338475.945900 -0.009161 0.493942 0.805245 -0.327899 
-2476979.030400 4829581.323100 3338475.878700 -0.047798 0.487448 0.831179 -0.263156 
-2476979.310100 4829581.265100 3338475.754400 -0.083993 0.478253 0.850649 -0.201534 
-2476979.590900 4829581.232800 3338475.584200 -0.122546 0.467358 0.864718 -0.137194 
-2476979.786800 4829581.230400 3338475.456300 -0.148606 0.455976 0.873128 -0.087466 
-2476979.891500 4829581.240400 3338475.361100 -0.165567 0.450722 0.875533 -0.053653 
-2476979.888800 4829581.222000 3338475.385200 -0.166494 0.450625 0.875500 -0.052112 
-2476979.889700 4829581.222400 3338475.384900 -0.166591 0.450632 0.875480 -0.052089 
-2476979.891900 4829581.222700 3338475.382700 -0.166556 0.450550 0.875528 -0.052104 
